1, '2024-10-01', 1.63, 'Completed', 1.83, 0.20, 1,1
2, '2024-10-02', 120.50, 'Completed', 134.50, 14.00, 20,4
3, '2024-10-03', 126.98, 'Pending',126.98 ,175.98, 12, 3
4, '2024-10-04', 2.08, 'Completed', 2.28, 0.20, 2, 1
5, '2024-10-05', 1.88, 'Completed',2.28,0.40,45,9
6, '2024-10-06', 42.00, 'Completed', 50.00, 8.00, 30,6
7, '2024-10-07', 198.41, 'Rejected', 247.41, 49.00, 11,3
8, '2024-10-08', 45.00, 'Completed', 59.00, 14.00, 18,4
9, '2024-10-09', 2.50, 'Pending', 3.20, 1.20, 37,8
10, '2024-10-10', 0.30, 'Completed', 0.70, 0.40, 44, 9
11, '2024-10-11', 12.50, 'Completed', 15.00, 2.50, 58, 12
12, '2024-10-11', 112.50, 'Completed', 145, 32.50, 72, 15
13, '2024-10-10', 12.00, 'Pending', 18.00, 6.00, 62, 13
14, '2024-10-10', 0.49, 'Completed', 0.79, 0.30, 53, 11
15, '2024-10-01', 571.43,'Rejected',620.43, 49,13,3
16, '2024-10-13', 0.17, 'Completed', 0.57, 0.40, 47, 10
